433298.993254 3894991.914745
433349.319388 3894999.238816
433395.394481 3895019.043733
433437.261305 3895051.203733
433484.045975 3895068.286998
433532.012253 3895081.545086
433577.818600 3895101.128335
433625.552503 3895115.070587
433718.709967 3895149.704193
433817.805515 3895167.083068
433911.322553 3895200.339831
434006.102292 3895230.652470
434052.765721 3895247.729409
434099.276980 3895265.241173
434145.622732 3895283.224102
434191.992722 3895301.131939
434272.136370 3895338.403522
434364.940215 3895368.825977
434423.012980 3895392.950774
434469.267087 3895411.152245
434515.797285 3895428.562219
434561.861329 3895447.290578
434610.165977 3895459.666455
434655.082436 3895481.633739
434701.962462 3895498.041731
434749.482255 3895512.650088
434797.703913 3895525.287783
434845.594929 3895538.867907
434892.265766 3895555.883854
434937.602042 3895576.641195
434984.125892 3895594.063680
435032.199730 3895607.152856
435079.819560 3895621.520309
435128.391745 3895633.241117
435175.253049 3895649.739386
435221.582735 3895667.716633
435267.228947 3895687.588168
435313.070151 3895706.911329
435357.912995 3895728.991229
435404.834403 3895745.312950
435452.668680 3895759.117175
435499.798363 3895774.872543
435547.417266 3895789.285492
435593.427092 3895808.127711
435640.031357 3895825.333615
435686.208309 3895843.710220
435732.387697 3895862.076458
435778.157112 3895881.559328
435823.931886 3895901.623548
435870.472075 3895919.938689
435916.600524 3895939.378957
435962.700433 3895958.896010
436009.076829 3895977.658474
436053.177030 3896002.637484
436098.487368 3896023.787979
436144.053456 3896043.060124
436190.327816 3896060.397534
436236.388905 3896078.311007
436282.143551 3896097.048141
436327.318605 3896117.339473
436372.237569 3896138.303084
436417.761593 3896157.624257
436463.805017 3896175.544005
436509.328481 3896194.847484
436555.047215 3896213.619621
436600.260051 3896233.727362
436646.840104 3896250.195896
436694.190095 3896264.630755
436741.125963 3896280.170303
436786.840389 3896298.931346
436831.555628 3896320.307268
436878.043259 3896337.019776
436924.726424 3896353.222550
436970.913060 3896370.723388
437017.737164 3896386.563832
437063.785070 3896404.423621
437109.782215 3896422.410648
437155.188245 3896441.919382
437201.284978 3896459.636655
437246.976131 3896478.393420
437293.360606 3896495.370379
437339.829276 3896512.140538
437384.632158 3896533.171972
437430.480886 3896551.529972
437475.930210 3896570.904766
437520.522616 3896592.448929
437565.185014 3896613.803489
437610.524686 3896633.437613
437656.126502 3896652.408137
437701.701686 3896671.444783
437776.412691 3896697.958815
437840.781568 3896722.676806
437884.904704 3896745.336099
437930.792937 3896763.595693
437977.007368 3896781.049834
438022.679352 3896799.850626
438070.035300 3896814.499347
438116.017499 3896832.546557
438162.162402 3896850.197980
438207.839409 3896869.000516
438252.579055 3896890.093529
438297.381434 3896911.023345
438341.968756 3896932.466819
438386.960790 3896953.412147
438435.133949 3896967.739876
438481.322544 3896986.887461
438525.203510 3897011.639609
438571.277674 3897031.065210
438617.188219 3897050.888137
438664.704282 3897066.811687
438710.096381 3897087.893791
438755.927864 3897107.908629
438801.800606 3897127.823362
438848.502488 3897145.724351
438895.249097 3897163.516765
438942.545341 3897179.974209
438989.622467 3897196.963802
439037.093277 3897212.997339
439083.616090 3897231.333234
439129.792123 3897250.511273
439176.617606 3897269.073212
439223.071286 3897289.300137
439271.572175 3897304.528560
439321.072551 3897317.288529
439370.246743 3897330.817593
439417.355071 3897349.404526
439464.423181 3897368.087287
439511.073143 3897387.801748
439558.729977 3897405.021141
439605.556365 3897424.295191
439653.079173 3897441.833420
439700.836625 3897458.776741
439747.840459 3897477.596308
439795.394965 3897495.030760
439840.995359 3897517.375460
439888.716616 3897534.383163
439937.973504 3897547.494237
439984.906189 3897566.469478
440031.918079 3897585.241934
440079.046366 3897603.715190
440127.256832 3897619.418749
440174.483120 3897637.625919
440221.467977 3897656.447890
440269.095194 3897673.613402
440315.918119 3897692.844698
440364.201826 3897708.296543
440441.432239 3897731.500609
440509.676647 3897752.966650
440558.110957 3897767.982151
440606.380676 3897783.417583
440654.469781 3897799.318360
440701.645137 3897817.619981
440748.591400 3897836.532266
440795.824168 3897854.694227
440844.759300 3897868.339852
440893.777552 3897881.745355
440942.475709 3897895.985291
440989.614778 3897914.382475
441038.198792 3897928.907975
441086.962051 3897942.936865
441136.383604 3897955.172961
441185.451783 3897968.338373
441233.869161 3897983.247128
441280.092155 3898004.110429
441326.387731 3898024.794823
441375.165640 3898038.711921
441423.194084 3898054.665414
441473.190116 3898065.204860
441522.378367 3898077.934126
441570.821281 3898091.757589
441620.416041 3898101.658122
441668.689201 3898115.204595
