# land_dir -0.5225 0.8526
# epsg 32618
# sites usa_NC_0028+usa_NC_0029+usa_NC_0030+usa_NC_0031+usa_NC_0032
# year 2020
409473.419512 3881945.802546
409506.750473 3881982.813302
409540.273889 3882019.637355
409568.423986 3882061.567486
409593.806828 3882106.109137
409620.333597 3882149.542882
409648.464334 3882191.437286
409675.539663 3882234.313258
409703.149063 3882276.666523
409731.379175 3882318.417250
409759.136545 3882360.597020
409789.848881 3882399.980539
409823.159353 3882436.916010
409853.303707 3882476.822518
409883.818524 3882516.373555
409917.823026 3882552.650579
409950.520186 3882590.151036
409982.800428 3882628.038782
410017.412816 3882663.748925
410050.834861 3882700.570245
410083.411419 3882738.859011
410119.644776 3882775.450066
410153.926030 3882813.868038
410187.654176 3882852.819778
410220.971131 3882892.180420
410254.505172 3882931.351836
410287.719447 3882970.852000
410320.248812 3883011.044894
410353.553928 3883050.008393
410388.243009 3883088.611841
410424.000563 3883125.652730
410461.407888 3883161.019449
410499.483448 3883195.672069
410536.862667 3883230.989601
410573.972404 3883266.547442
410615.996295 3883297.022875
410658.998144 3883326.701856
410700.538883 3883357.779122
410738.948342 3883392.065944
410776.713983 3883426.979783
410816.172589 3883460.012638
410856.851590 3883491.632342
410896.785056 3883523.964029
410933.486188 3883559.782194
410971.863407 3883593.692050
411011.266783 3883626.383200
411050.837398 3883658.894082
411090.250234 3883691.626476
411133.042289 3883720.497710
411175.270519 3883750.004759
411215.661015 3883781.661223
411253.972299 3883815.808382
411290.208080 3883852.505440
411328.541208 3883886.785330
411368.292614 3883919.410903
411409.014538 3883950.887973
411449.007891 3883983.288248
411487.488403 3884017.613675
411525.572952 3884052.508110
411566.513713 3884083.858173
411608.235773 3884114.227255
411648.260812 3884146.789635
411689.602025 3884177.678079
411731.468063 3884207.888186
411772.179508 3884239.627305
411811.286336 3884273.536826
411850.809058 3884306.949314
411894.211436 3884335.140687
411936.004147 3884365.503653
411979.245284 3884393.863904
412019.118859 3884426.081672
412058.111569 3884457.502635
412096.932780 3884489.162464
412135.686272 3884520.916480
412175.767071 3884550.822354
412217.418038 3884578.541874
412259.035768 3884606.307711
412300.601228 3884634.146296
412342.878501 3884660.993773
412385.284088 3884687.662540
412427.761635 3884714.231107
412467.287129 3884744.910205
412505.224220 3884777.801052
412545.851441 3884806.946098
412586.227995 3884836.440217
412627.620122 3884864.520075
412668.328613 3884893.551913
412709.115011 3884922.475251
412749.643043 3884951.758385
412790.136539 3884981.089610
412831.120911 3885009.737308
412872.009618 3885038.518222
412911.969089 3885068.593028
412952.691456 3885097.605594
412994.101210 3885125.661006
413034.545363 3885155.060904
413075.709107 3885183.838015
413117.875668 3885211.740234
413160.545518 3885238.928183
413202.249276 3885267.461593
413244.452087 3885295.286199
413287.119529 3885322.444828
413328.909575 3885350.834399
413370.202225 3885379.925133
413411.431105 3885409.104726
413453.403648 3885437.219597
413495.467170 3885465.196496
413536.880289 3885494.100217
413577.135360 3885524.670554
413617.634124 3885554.894849
413658.601141 3885584.444603
413699.979272 3885613.397097
413741.921581 3885641.524079
413783.965655 3885669.494724
413825.849470 3885697.691965
413867.691959 3885725.942880
413909.121286 3885754.796345
413949.939451 3885784.550480
413992.004926 3885812.456114
414034.996346 3885838.975556
414077.632501 3885866.008221
414119.325867 3885894.439021
414161.122212 3885922.722596
414205.220327 3885947.551816
414248.206213 3885974.048708
414290.264384 3886001.948509
414332.260683 3886029.949188
414374.543749 3886057.520910
414416.752265 3886085.211544
414460.292458 3886110.869136
414502.973883 3886137.839308
414545.765619 3886164.641238
414588.459779 3886191.594470
414630.890970 3886218.956478
414672.761335 3886247.193558
414714.947262 3886274.947953
414757.410388 3886302.275483
414799.250603 3886330.582740
414841.016907 3886359.015539
414884.596612 3886384.600385
414928.137693 3886410.239769
414972.206613 3886435.468033
415016.266629 3886461.094038
415060.108696 3886487.055520
415103.959387 3886512.992447
415147.007173 3886540.221620
415190.351768 3886566.573455
415233.491692 3886592.704526
415275.895419 3886620.039320
415319.660414 3886645.141163
415363.140469 3886670.704280
415405.651198 3886697.862858
415448.463412 3886724.524869
415491.755949 3886750.389411
415535.016394 3886776.303324
415578.183619 3886802.369004
415621.153683 3886828.761647
415665.069986 3886853.564942
415708.224371 3886879.640607
415751.516595 3886905.480740
415796.160677 3886929.029681
415840.149890 3886953.672940
415884.220595 3886978.166954
415927.971083 3887003.195576
415971.455771 3887028.670090
416014.892081 3887054.221317
416057.931407 3887080.451111
416101.549300 3887105.693513
416143.727236 3887133.430816
416187.460954 3887158.491495
416230.480208 3887184.798913
416274.532499 3887209.318257
416318.300238 3887234.336957
416361.929382 3887259.603444
416405.039254 3887285.788424
416449.251142 3887310.043534
416493.453435 3887334.316393
416536.363512 3887360.878793
416579.990718 3887386.180925
416622.991775 3887412.604713
416666.211157 3887438.651268
416710.134048 3887463.448774
416754.372873 3887487.682721
416798.019067 3887512.984348
416842.262807 3887537.213654
416886.120527 3887562.142434
416930.370188 3887586.364148
416973.423416 3887612.764514
417016.093395 3887639.877158
417060.334906 3887664.129591
417103.512256 3887690.336216
417146.592029 3887716.233923
417189.183214 3887742.572814
417232.227043 3887768.079696
417276.412715 3887791.487704
417321.025015 3887814.111545
417364.778356 3887838.314258
417408.983385 3887861.686706
417451.704447 3887887.786883
417494.612521 3887913.543299
417537.469255 3887939.394091
417581.808281 3887962.520213
417625.624791 3887986.606814
417668.524212 3888012.379125
417711.307255 3888038.365380
417755.250771 3888062.218561
417799.679082 3888085.180641
417843.579623 3888109.112701
417886.323291 3888135.171288
417929.612555 3888160.227036
417973.010978 3888185.082091
418017.640139 3888207.674934
418062.059704 3888230.653022
418105.784455 3888254.908285
418149.414660 3888279.337322
418193.186422 3888303.506160
418237.114090 3888327.388439
418281.255675 3888350.877510
418324.850671 3888375.371266
418368.801350 3888399.211235
418413.265204 3888422.107919
418457.660182 3888445.131216
418501.047628 3888470.006487
418544.159762 3888495.387818
418587.909924 3888520.811900
418633.386124 3888543.265655
418678.627205 3888566.142584
418723.490483 3888589.714135
418769.011063 3888612.048862
418814.795431 3888633.872305
418860.184321 3888656.423740
418905.782217 3888678.565480
418950.870419 3888701.661375
418995.553899 3888725.522326
419041.995212 3888746.005461
419085.497163 3888772.125175
419129.290834 3888797.696049
419174.274365 3888820.965527
419218.577003 3888845.556391
419263.306159 3888869.314747
419307.626020 3888893.874999
419351.194935 3888919.922295
419396.019694 3888943.493168
419440.839825 3888967.068095
419485.498528 3888990.960941
419530.563467 3889014.035071
419575.395036 3889037.570797
419620.009468 3889061.540988
419664.865812 3889085.017188
419709.234708 3889109.494788
419753.817395 3889133.567612
419798.560816 3889157.340124
419843.415934 3889180.909763
419888.502946 3889204.024135
419933.442246 3889227.469642
419978.652850 3889250.372152
420022.977733 3889275.160419
420066.982217 3889300.663501
420111.470865 3889325.182146
420156.475032 3889348.636558
420201.568233 3889371.926235
420244.397866 3889400.110265
420289.183062 3889424.136299
420335.200195 3889445.519836
420380.694792 3889468.050336
420424.298260 3889494.739443
420468.187088 3889520.855968
420512.584988 3889545.897981
420557.854772 3889569.045932
420603.623162 3889591.106355
420648.230735 3889615.779394
420693.295203 3889639.462504
420739.139551 3889661.412624
420785.976185 3889681.124188
420832.145023 3889700.647003
420877.956613 3889720.679949
420923.537909 3889741.235775
420968.944185 3889762.189032
421012.197086 3889788.031651
421056.213197 3889812.141384
421099.851222 3889837.109584
421143.400106 3889862.280165
421187.622264 3889885.922028
421232.621484 3889907.799524
421277.299420 3889930.406499
421322.440018 3889951.962945
421367.671336 3889973.313419
421412.092760 3889996.502828
421456.049600 3890020.747131
421500.237439 3890044.466921
421545.224312 3890066.372516
421589.621367 3890089.617182
421632.945270 3890115.298647
421675.580080 3890140.547833
421720.076798 3890165.563127
421764.215449 3890189.394475
421810.090229 3890209.759414
421854.626155 3890234.074940
421899.825909 3890256.894998
421945.298964 3890279.102227
421990.575723 3890301.770517
422036.225952 3890323.590851
422081.227901 3890346.916773
422126.315472 3890370.060583
422171.987103 3890391.862951
422218.576497 3890411.535631
422264.659194 3890432.387865
422311.414240 3890451.668138
422357.851613 3890471.688392
422403.932637 3890492.545911
422449.594030 3890514.397079
422494.588335 3890537.836178
422539.302760 3890561.957102
422584.973387 3890583.821814
422629.350532 3890608.783647
422674.036451 3890633.031813
422719.504147 3890655.424422
422765.770638 3890675.904724
422812.316850 3890695.710138
422858.244568 3890717.010127
422902.955372 3890741.270707
422948.707878 3890763.017093
422993.711918 3890786.609507
423040.142030 3890806.740468
423086.155811 3890827.905719
423131.909052 3890849.730403
423178.386283 3890869.787977
423224.170278 3890891.574363
423270.797166 3890911.287817
423315.981957 3890934.604030
423362.254222 3890955.232864
423407.513571 3890978.414976
423453.735843 3890999.206327
423500.516538 3891018.605705
423547.299374 3891038.007292
423593.862467 3891057.973661
423639.306463 3891080.796798
423684.029918 3891105.485340
423730.104386 3891126.756789
423776.975846 3891146.002328
423823.181319 3891167.216578
423868.671137 3891190.728892
423913.673354 3891215.549714
423959.315656 3891238.756754
424005.826865 3891259.731581
424051.778782 3891282.198238
424098.032312 3891303.225100
424144.277169 3891323.006353
424190.150729 3891343.772119
424235.146157 3891366.865473
424280.953068 3891387.822645
424324.977871 3891413.507931
424369.594168 3891437.641507
424414.296940 3891461.559093
424460.974291 3891480.241210
424506.797765 3891501.197161
424551.531481 3891525.063030
424597.614639 3891545.342924
424644.077874 3891564.613261
424689.307518 3891587.183944
424734.572496 3891609.670299
424780.332119 3891630.841704
424825.648604 3891653.208759
424875.744638 3891662.753401
424921.912752 3891682.836707
424967.287833 3891705.058878
425013.686374 3891724.535050
425060.518355 3891742.847585
425107.000093 3891762.108530
425153.361952 3891781.698316
425199.442537 3891802.054798
425245.465884 3891822.573658
425290.486409 3891845.819772
425335.784077 3891868.327270
425383.548025 3891884.143482
425426.810577 3891912.205592
425472.410021 3891933.926272
425517.868539 3891956.041719
425562.927765 3891979.258642
425607.316168 3892004.323023
425652.638623 3892026.849388
425698.732116 3892047.275621
425745.921388 3892064.704141
425792.260954 3892084.466459
425839.467059 3892101.852654
425885.945471 3892121.242134
425932.306386 3892140.960655
425977.991808 3892162.548311
426023.487039 3892184.671333
426069.857689 3892204.385632
426116.249174 3892223.707639
426160.628385 3892248.017127
426205.730379 3892269.866748
426250.613947 3892290.727671
426295.536102 3892311.462418
426340.801230 3892331.236127
426386.720564 3892349.203849
426433.117761 3892365.860429
426478.758791 3892384.577537
426524.931450 3892401.840212
426569.525352 3892423.380410
426613.968922 3892445.303734
426659.311137 3892464.777474
426704.226515 3892485.386581
426749.244932 3892505.700264
426795.670205 3892522.228784
426841.293052 3892540.902193
426885.540744 3892563.231497
426930.432799 3892583.820513
426975.047600 3892605.126377
427021.353319 3892621.935896
427068.158160 3892637.427662
427115.626357 3892651.178502
427163.541160 3892663.770118
427210.496924 3892678.895098
427255.518251 3892699.085526
427299.304289 3892722.481686
427343.188303 3892745.591481
427388.383967 3892765.272118
427433.454715 3892785.271083
427478.250012 3892805.975141
427524.268215 3892823.516925
427570.823627 3892839.681980
427618.033230 3892854.179913
427666.466803 3892865.564260
427713.357918 3892880.921125
427758.994825 3892899.488348
427804.578111 3892918.192016
427850.013794 3892937.269371
427897.983890 3892949.932630
427946.110763 3892962.227527
427994.825130 3892973.072207
428041.673295 3892988.641329
428087.042310 3893007.932070
428130.462570 3893031.292402
428174.775615 3893049.818440
428221.289151 3893062.909981
428267.256248 3893077.403688
428313.805610 3893090.523432
428360.604698 3893103.100093
428408.671145 3893112.695178
428457.210560 3893121.263695
428503.462014 3893135.783402
428552.067389 3893146.118104
428595.811280 3893167.986381
428639.730732 3893189.414752
428682.199939 3893214.215214
428725.723446 3893236.507040
428770.064043 3893256.869957
428814.614039 3893276.733007
428857.851567 3893299.610486
428902.789862 3893318.547284
428945.508392 3893342.558607
428987.237521 3893368.782123
429027.086895 3893399.214723
429067.332083 3893428.661157
429105.389020 3893462.954212
429139.485593 3893506.019847
429173.485723 3893549.115711
429211.561076 3893582.945419
429251.658616 3893612.186519
429304.825147 3893612.462509
429352.107449 3893625.862702
429389.505864 3893661.023097
429429.179004 3893691.106717
429467.214506 3893724.696063
429473.524615 3893827.083854
429513.094753 3893856.923055
433298.993254 3894991.914745
433349.319388 3894999.238816
433395.394481 3895019.043733
433437.261305 3895051.203733
433484.045975 3895068.286998
433532.012253 3895081.545086
433577.818600 3895101.128335
433625.552503 3895115.070587
433718.709967 3895149.704193
433817.805515 3895167.083068
433911.322553 3895200.339831
434006.102292 3895230.652470
434052.765721 3895247.729409
434099.276980 3895265.241173
434145.622732 3895283.224102
434191.992722 3895301.131939
434272.136370 3895338.403522
434364.940215 3895368.825977
434423.012980 3895392.950774
434469.267087 3895411.152245
434515.797285 3895428.562219
434561.861329 3895447.290578
434610.165977 3895459.666455
434655.082436 3895481.633739
434701.962462 3895498.041731
434749.482255 3895512.650088
434797.703913 3895525.287783
434845.594929 3895538.867907
434892.265766 3895555.883854
434937.602042 3895576.641195
434984.125892 3895594.063680
435032.199730 3895607.152856
435079.819560 3895621.520309
435128.391745 3895633.241117
435175.253049 3895649.739386
435221.582735 3895667.716633
435267.228947 3895687.588168
435313.070151 3895706.911329
435357.912995 3895728.991229
435404.834403 3895745.312950
435452.668680 3895759.117175
435499.798363 3895774.872543
435547.417266 3895789.285492
435593.427092 3895808.127711
435640.031357 3895825.333615
435686.208309 3895843.710220
435732.387697 3895862.076458
435778.157112 3895881.559328
435823.931886 3895901.623548
435870.472075 3895919.938689
435916.600524 3895939.378957
435962.700433 3895958.896010
436009.076829 3895977.658474
436053.177030 3896002.637484
436098.487368 3896023.787979
436144.053456 3896043.060124
436190.327816 3896060.397534
436236.388905 3896078.311007
436282.143551 3896097.048141
436327.318605 3896117.339473
436372.237569 3896138.303084
436417.761593 3896157.624257
436463.805017 3896175.544005
436509.328481 3896194.847484
436555.047215 3896213.619621
436600.260051 3896233.727362
436646.840104 3896250.195896
436694.190095 3896264.630755
436741.125963 3896280.170303
436786.840389 3896298.931346
436831.555628 3896320.307268
436878.043259 3896337.019776
436924.726424 3896353.222550
436970.913060 3896370.723388
437017.737164 3896386.563832
437063.785070 3896404.423621
437109.782215 3896422.410648
437155.188245 3896441.919382
437201.284978 3896459.636655
437246.976131 3896478.393420
437293.360606 3896495.370379
437339.829276 3896512.140538
437384.632158 3896533.171972
437430.480886 3896551.529972
437475.930210 3896570.904766
437520.522616 3896592.448929
437565.185014 3896613.803489
437610.524686 3896633.437613
437656.126502 3896652.408137
437701.701686 3896671.444783
437776.412691 3896697.958815
437840.781568 3896722.676806
437884.904704 3896745.336099
437930.792937 3896763.595693
437977.007368 3896781.049834
438022.679352 3896799.850626
438070.035300 3896814.499347
438116.017499 3896832.546557
438162.162402 3896850.197980
438207.839409 3896869.000516
438252.579055 3896890.093529
438297.381434 3896911.023345
438341.968756 3896932.466819
438386.960790 3896953.412147
438435.133949 3896967.739876
438481.322544 3896986.887461
438525.203510 3897011.639609
438571.277674 3897031.065210
438617.188219 3897050.888137
438664.704282 3897066.811687
438710.096381 3897087.893791
438755.927864 3897107.908629
438801.800606 3897127.823362
438848.502488 3897145.724351
438895.249097 3897163.516765
438942.545341 3897179.974209
438989.622467 3897196.963802
439037.093277 3897212.997339
439083.616090 3897231.333234
439129.792123 3897250.511273
439176.617606 3897269.073212
439223.071286 3897289.300137
439271.572175 3897304.528560
439321.072551 3897317.288529
439370.246743 3897330.817593
439417.355071 3897349.404526
439464.423181 3897368.087287
439511.073143 3897387.801748
439558.729977 3897405.021141
439605.556365 3897424.295191
439653.079173 3897441.833420
439700.836625 3897458.776741
439747.840459 3897477.596308
439795.394965 3897495.030760
439840.995359 3897517.375460
439888.716616 3897534.383163
439937.973504 3897547.494237
439984.906189 3897566.469478
440031.918079 3897585.241934
440079.046366 3897603.715190
440127.256832 3897619.418749
440174.483120 3897637.625919
440221.467977 3897656.447890
440269.095194 3897673.613402
440315.918119 3897692.844698
440364.201826 3897708.296543
440441.432239 3897731.500609
440509.676647 3897752.966650
440558.110957 3897767.982151
440606.380676 3897783.417583
440654.469781 3897799.318360
440701.645137 3897817.619981
440748.591400 3897836.532266
440795.824168 3897854.694227
440844.759300 3897868.339852
440893.777552 3897881.745355
440942.475709 3897895.985291
440989.614778 3897914.382475
441038.198792 3897928.907975
441086.962051 3897942.936865
441136.383604 3897955.172961
441185.451783 3897968.338373
441233.869161 3897983.247128
441280.092155 3898004.110429
441326.387731 3898024.794823
441375.165640 3898038.711921
441423.194084 3898054.665414
441473.190116 3898065.204860
441522.378367 3898077.934126
441570.821281 3898091.757589
441620.416041 3898101.658122
441668.689201 3898115.204595
441715.480103 3898132.840255
441761.792662 3898151.795520
441808.369258 3898170.022383
441855.215198 3898187.506193
441902.562879 3898203.605841
441950.693340 3898217.546027
441999.003185 3898230.991336
442046.783268 3898245.898234
442094.348610 3898261.397504
442142.359061 3898275.668707
442191.001634 3898288.196003
442239.564449 3898300.943412
442288.698176 3898312.115825
442337.085956 3898325.346113
442385.572536 3898338.303867
442433.826600 3898351.903030
442481.805155 3898366.262233
442529.221943 3898382.171239
442577.310105 3898396.228094
442625.128034 3898411.030458
442672.903116 3898426.625659
442721.533564 3898441.684379
442769.628169 3898458.216352
442818.970284 3898471.249901
442867.782277 3898485.735718
442917.773018 3898496.867673
442966.996148 3898510.121666
443017.317688 3898520.209473
443066.851499 3898532.486767
443116.294963 3898544.978350
443165.004559 3898559.545868
443212.766726 3898576.837545
443262.255957 3898589.095142
443311.667225 3898601.534701
443361.877967 3898611.577780
443412.030346 3898621.726019
443463.146475 3898628.946287
443513.798258 3898637.457755
443563.314858 3898649.289277
443611.950680 3898663.721831
443661.114420 3898676.530481
443710.370560 3898689.015981
443759.070627 3898703.154386
443808.111625 3898716.216664
443856.924907 3898729.940849
443905.933706 3898743.026355
443955.687453 3898753.775840
444005.932469 3898762.957692
444055.094538 3898775.498185
444104.668677 3898786.723561
444153.459657 3898800.409090
444202.857215 3898812.157229
444252.419135 3898823.357065
444302.462334 3898832.979262
444353.491465 3898839.365925
444404.375218 3898846.150436
444454.940741 3898853.904308
444504.787583 3898867.014588
444556.505567 3898877.445951
444607.796232 3898889.189871
444660.105419 3898897.227360
444712.096689 3898906.134681
444764.261352 3898914.157532
444816.323361 3898922.278411
444868.507004 3898929.636752
444920.308307 3898938.177446
444971.912302 3898947.238289
445022.884504 3898958.673139
445074.719454 3898966.269892
445126.655710 3898973.067505
445178.594584 3898978.807128
445229.613248 3898986.616507
445280.677248 3898993.944307
445331.582841 3899001.739784
445382.848574 3899007.482538
445434.431644 3899011.245796
445485.886567 3899015.187011
445537.864564 3899015.880399
445589.181253 3899019.496590
445639.722181 3899026.895328
445689.512403 3899038.230740
445739.774012 3899046.672551
445789.782256 3899056.400550
445840.847430 3899059.887761
445892.148838 3899061.899872
445943.665498 3899062.442679
445995.012218 3899063.979361
446046.192888 3899066.577085
446096.694002 3899074.027430
446147.141035 3899082.175292
446197.647787 3899090.218521
446248.517652 3899095.731732
446299.917089 3899097.059575
446351.392706 3899097.603197
446402.717706 3899099.289162
446453.862128 3899102.538126
446505.216520 3899103.773076
446556.583511 3899104.717994
446608.117260 3899103.699271
446659.547301 3899103.432416
446712.079446 3899102.875846
446765.132168 3899103.645436
446818.135049 3899104.489287
446871.020451 3899106.858449
446923.815191 3899111.389787
446976.758455 3899111.691888
447029.635144 3899112.705441
447081.941403 3899114.207290
447133.607427 3899112.296773
447185.217383 3899111.032966
447236.789221 3899110.780921
447288.321056 3899110.468984
447339.813380 3899110.162072
447391.269230 3899109.949232
447442.660920 3899109.107026
447494.024410 3899108.662157
447545.251908 3899106.481504
447596.356874 3899103.364045
447647.432120 3899100.961852
447698.671985 3899101.688115
447749.496668 3899097.635620
447800.396226 3899095.469005
447851.352226 3899094.590716
447902.404809 3899095.137211
447953.308755 3899094.583798
448004.076915 3899092.861500
448054.506355 3899087.143499
448105.286456 3899083.272084
448156.009368 3899077.968562
448206.127839 3899067.609698
448256.864784 3899061.051860
448307.409809 3899052.622395
448357.380513 3899040.220851
448407.842910 3899030.579104
448458.758786 3899023.157520
448509.307366 3899013.255549
448560.155703 3899004.627103
448611.061897 3898995.918181
448661.906200 3898986.553226
448712.789657 3898977.071850
448763.833300 3898968.036022
448815.007021 3898959.271099
448866.806576 3898952.875864
448917.685804 3898942.211139
448968.510712 3898931.139681
449018.596528 3898917.005074
449068.639128 3898902.714717
449120.408501 3898894.868203
449171.534488 3898882.710308
449226.362899 3898874.382364
449279.099939 3898863.049837
449330.421304 3898849.679365
449382.606762 3898838.838524
449432.856344 3898821.988323
449483.995905 3898807.795406
449534.884437 3898792.839451
449585.826771 3898778.013067
449635.308915 3898759.307177
449684.725270 3898740.622018
449733.201186 3898719.772757
449782.019553 3898700.054860
449830.811269 3898680.510073
449877.945252 3898657.363189
449925.595584 3898635.782440
449972.265659 3898612.373233
450017.933800 3898587.228650
450062.978215 3898561.270483
450110.098713 3898540.068575
450156.284983 3898517.302327
450200.978904 3898492.000155
450246.147063 3898468.078527
450291.808148 3898442.881991
450336.969462 3898422.197591
450382.203769 3898399.612593
450429.434480 3898380.233301
450475.543936 3898358.198929
450521.646409 3898335.583829
450568.271935 3898313.388007
450615.609476 3898291.969712
450662.852553 3898269.418824
450710.430300 3898247.648173
450755.651644 3898221.333767
450801.320696 3898194.390128
450848.863223 3898167.647697
450893.051057 3898141.479488
450939.603076 3898116.236221
450985.802006 3898089.726586
451033.619090 3898064.546912
451079.961261 3898036.812852
451125.654518 3898009.472281
451174.524495 3897983.691247
451225.212389 3897961.180919
451273.177347 3897933.746355
451322.203693 3897909.035818
451374.192842 3897886.725653
451426.779734 3897864.254920
451480.229981 3897842.343566
451533.950074 3897819.488522
451591.265104 3897801.126773
451627.472899 3897766.635541
451679.165560 3897742.363541
451720.709718 3897725.909529
451762.070417 3897720.950904
451892.646347 3897709.467364
451912.470730 3897764.844230
451912.334754 3897824.516772
451913.222275 3897883.740491
451925.552793 3897940.133435
451937.738995 3897996.122517
451953.319513 3898050.868555
451963.094535 3898106.649295
451967.237911 3898163.593167
451977.589966 3898218.288424
451979.248889 3898270.919728
451981.015361 3898323.474011
451978.676689 3898377.120418
451970.867228 3898432.606897
451972.947073 3898485.416612
451978.158625 3898539.762494
451986.810544 3898593.188756
452003.658829 3898644.247328
452015.500556 3898696.773236
452018.819379 3898751.904933
452026.514458 3898805.782886
452034.329671 3898859.678667
452048.986916 3898911.454636
452059.312871 3898964.617850
452066.572679 3899018.815415
452074.531679 3899072.841133
452074.458802 3899125.452825
452079.391529 3899174.593499
452086.087556 3899223.151461
452090.773344 3899272.387373
452094.042720 3899322.103436
452099.956105 3899370.941863
452108.913552 3899418.767640
452119.553947 3899466.035327
452133.511427 3899512.351992
452142.588595 3899562.165760
452147.917162 3899613.238465
452154.146338 3899664.012445
452167.992015 3899709.994898
452178.486054 3899756.508413
452185.608054 3899805.161002
452198.179037 3899852.692230
452203.247078 3899902.676400
452208.777403 3899952.489250
452216.672977 3900001.511074
452220.484940 3900051.846503
452238.689169 3900097.488021
452253.102861 3900144.358640
452261.077809 3900193.304069
452269.670958 3900242.035178
452277.646903 3900290.950424
452282.779943 3900332.241986
452291.201182 3900371.277049
452297.266445 3900409.760756
452305.325367 3900445.844479
452316.602747 3900481.154588
452326.277259 3900517.063393
452335.839544 3900553.141044
452345.783175 3900589.263032
452353.059816 3900626.613661
452357.142998 3900670.342444
452365.932016 3900713.010428
452376.898892 3900755.238929
452386.993090 3900797.704332
452400.272208 3900839.561088
452408.962998 3900881.386699
452421.332193 3900921.502550
452437.411369 3900960.976321
452450.615760 3901001.054538
452471.453802 3901039.885816
452494.957076 3901078.442268
452523.484137 3901116.410489
452539.189365 3901156.234093
452562.075253 3901194.930574
452582.917863 3901234.100372
452599.212658 3901274.015127
452611.913045 3901317.197707
452640.359552 3901414.790432
452674.936018 3901490.762464
452689.133514 3901598.404384
452707.346135 3901670.668113
452719.277398 3901774.909993
452731.406708 3901899.070350
452744.129734 3902023.826970
452752.045087 3902138.539560
452770.117242 3902221.761510
452785.313866 3902302.340691
452789.650910 3902372.488502
452800.553388 3902434.010994
452813.605076 3902520.407606
452818.383772 3902569.796290
452819.891407 3902620.718484
452822.262852 3902671.597693
452823.139112 3902722.539985
452829.928927 3902773.200647
452833.670201 3902823.993147
452846.752030 3902874.316838
452858.172978 3902923.823211
452868.401542 3902972.824117
452878.532324 3903021.840711
452895.235748 3903089.010248
452907.012574 3903161.624555
452913.923655 3903220.478301
452914.338275 3903271.463619
452915.430878 3903322.411963
452919.604553 3903373.194790
452930.637305 3903423.577266
452942.143780 3903473.816078
452952.956767 3903524.324748
452962.674557 3903575.035076
452970.841760 3903625.830422
452975.496885 3903676.838785
452991.018339 3903727.172095
452992.772922 3903778.368531
452999.340221 3903829.264819
453014.685606 3903879.567551
453023.527022 3903930.296886
453028.693362 3903981.283566
453036.287243 3904032.100808
453045.053601 3904082.830149
453051.324756 3904133.745409
453062.103984 3904184.389584
453072.556204 3904235.038029
453079.707288 3904285.636974
453091.105379 3904335.878895
453100.783250 3904386.244633
453107.518969 3904436.843796
453112.626370 3904487.574698
453124.341158 3904537.727413
453135.959024 3904587.868538
453142.529010 3904638.441129
453150.660218 3904688.435375
453157.346934 3904736.494650
453169.039364 3904784.135801
453174.304517 3904832.350604
453185.224785 3904880.108129
453193.671571 3904928.093721
453201.083980 3904976.180130
453213.392860 3905023.909196
453221.270974 3905072.002371
453229.467161 3905120.389837
453239.337255 3905168.738955
453246.950097 3905217.264401
453257.173952 3905265.623970
453272.020748 3905313.694884
453282.213631 3905362.103259
453296.842525 3905410.890440
453307.301070 3905460.370877
453316.194800 3905509.948217
453324.348040 3905559.572666
453335.004117 3905609.033314
453350.017486 3905658.208726
453356.218932 3905707.957010
453366.446069 3905757.441736
453378.754656 3905806.789090
453391.507131 3905856.105778
453401.058982 3905905.630661
453409.143215 3905955.250758
453417.322496 3906004.851998
453428.374548 3906054.262463
453437.524229 3906103.797132
453447.559225 3906153.272688
453453.526678 3906203.015584
453460.412248 3906252.697473
453468.786156 3906302.280512
453478.811938 3906351.756843
453488.029618 3906401.286589
453494.532286 3906450.995543
453501.604659 3906500.666399
453509.249931 3906550.298843
453518.636413 3906599.815190
453529.112084 3906649.258456
453539.293305 3906698.751911
453548.705667 3906748.900787
453555.158194 3906799.264555
453561.041122 3906849.661415
453565.753572 3906900.136936
453570.724494 3906950.591085
453577.688823 3907000.893239
453584.231730 3907051.218915
453593.940888 3907101.292117
453598.859781 3907151.726627
453604.952852 3907202.064078
453613.539651 3907252.191846
453624.696549 3907302.093578
453641.693006 3907351.483512
453649.059395 3907401.661434
453664.282914 3907451.146587
453674.807469 3907501.015400
453685.181669 3907550.904767
453697.212136 3907600.739440
453706.559732 3907650.757644
453720.120964 3907700.359472
453727.800491 3907750.495812
453736.546771 3907800.515356
453745.401489 3907850.508237
453755.871407 3907900.321721
453764.037207 3907950.350199
453769.156509 3908000.698030
453776.253279 3908050.840046
453782.159578 3908101.106267
453786.838245 3908151.506483
453791.850543 3908201.873887
453798.658396 3908252.042787
453810.941566 3908301.585602
453818.788079 3908351.620281
453827.303681 3908401.570548
453837.458247 3908451.318054
453848.027109 3908501.009481
453858.778997 3908550.664245
453866.722439 3908600.582979
453879.242937 3908650.305249
453885.135297 3908700.655628
453892.917731 3908750.760823
